0,574
152,11
267,7
152,10
267,6
267,5
152,9
0,573
152,8
152,7
0,572
0,571
152,6
152,5
0,570
266,112
266,39
266,38
0,569
266,111
266,110
266,109
266,108
266,107
266,106
266,105
266,104
266,103
266,102
266,101
266,100
266,99
266,98
266,97
266,96
266,95
266,94
266,93
266,92
266,91
266,90
266,89
266,88
266,87
266,86
266,85
266,84
266,83
266,82
266,81
266,80
266,79
266,78
266,77
266,37
266,4
266,76
266,75
266,74
266,73
266,72
266,71
266,70
266,69
266,68
266,67
266,66
266,65
266,64
266,36
266,35
266,34
266,33
266,32
266,31
266,30
266,29
266,28
266,27
266,26
266,25
266,24
266,23
266,22
266,21
266,20
266,19
266,18
266,17
266,16
266,15
266,14
266,13
266,12
266,11
266,10
266,9
266,8
266,7
266,6
266,5
261,6
261,5
23,40
23,39
23,38
23,37
23,36
256,6
260,7
269,6
269,5
269,4
269,3
269,2
269,1
269,0
268,5
268,4
268,3
268,2
268,1
268,0
267,4
267,3
267,2
267,1
267,0
266,3
266,2
266,1
266,0
265,14
265,13
265,12
265,11
265,10
265,9
265,8
265,7
265,6
265,5
265,4
265,3
265,2
265,1
265,0
0,568
264,4
264,3
264,2
264,1
264,0
263,4
263,3
263,2
263,1
263,0
262,6
262,5
262,4
262,3
262,2
262,1
262,0
256,5
254,5
261,4
261,3
261,2
261,1
261,0
260,6
260,5
260,4
260,3
260,2
260,1
260,0
253,6
259,5
259,4
259,3
259,2
259,1
259,0
258,6
258,5
258,4
258,3
258,2
258,1
258,0
257,4
257,3
257,2
257,1
257,0
256,4
256,3
256,2
256,1
256,0
255,4
255,3
255,2
255,1
255,0
254,4
254,3
254,2
254,1
254,0
253,5
253,4
253,3
253,2
253,1
253,0
177,9
252,6
252,5
252,4
252,3
252,2
252,1
252,0
251,14
251,13
251,12
251,11
251,10
251,9
251,8
251,7
251,6
251,5
251,4
251,3
251,2
251,1
251,0
250,4
250,3
250,2
250,1
250,0
249,5
249,4
249,3
249,2
249,1
249,0
248,4
248,3
248,2
248,1
248,0
0,567
247,6
247,5
247,4
247,3
247,2
247,1
247,0
246,4
246,3
246,2
246,1
246,0
245,4
245,3
245,2
245,1
245,0
244,5
244,4
244,3
244,2
244,1
244,0
243,6
243,5
243,4
243,3
243,2
243,1
243,0
0,566
242,3
242,2
242,1
242,0
241,3
241,2
241,1
241,0
240,3
240,2
240,1
240,0
0,565
239,3
239,2
239,1
239,0
0,564
0,563
238,3
238,2
238,1
238,0
237,5
237,4
237,3
237,2
237,1
237,0
0,562
236,5
236,4
236,3
236,2
236,1
236,0
235,5
235,4
235,3
235,2
235,1
235,0
234,5
234,4
234,3
234,2
234,1
234,0
233,5
233,4
233,3
233,2
233,1
233,0
232,5
232,4
232,3
232,2
232,1
232,0
231,4
231,3
231,2
231,1
231,0
0,561
0,560
230,4
230,3
230,2
230,1
230,0
229,4
229,3
229,2
229,1
229,0
0,559
0,558
228,4
228,3
228,2
228,1
228,0
0,557
227,5
227,4
227,3
227,2
227,1
227,0
226,5
226,4
226,3
226,2
226,1
226,0
225,5
225,4
225,3
225,2
225,1
225,0
224,5
224,4
224,3
224,2
224,1
224,0
223,5
223,4
223,3
223,2
223,1
223,0
0,556
0,555
222,5
222,4
222,3
222,2
222,1
222,0
221,6
221,5
221,4
221,3
221,2
221,1
221,0
220,6
220,5
220,4
220,3
220,2
220,1
220,0
219,14
219,13
219,12
219,11
219,10
219,9
219,8
219,7
219,6
219,5
219,4
219,3
219,2
219,1
219,0
218,8
218,7
218,6
218,5
218,4
218,3
218,2
218,1
218,0
217,8
217,7
217,6
217,5
217,4
217,3
217,2
217,1
217,0
216,8
216,7
216,6
216,5
216,4
216,3
216,2
216,1
216,0
215,8
215,7
215,6
215,5
215,4
215,3
215,2
215,1
215,0
0,554
214,8
214,7
214,6
214,5
214,4
214,3
214,2
214,1
214,0
0,553
213,8
213,7
213,6
213,5
213,4
213,3
213,2
213,1
213,0
212,8
212,7
212,6
212,5
212,4
212,3
212,2
212,1
212,0
211,8
211,7
211,6
211,5
211,4
211,3
211,2
211,1
211,0
210,8
210,7
210,6
210,5
210,4
210,3
210,2
210,1
210,0
209,8
209,7
209,6
209,5
209,4
209,3
209,2
209,1
209,0
